ignore
9999977
9999997
999998
9999976
9999995
9999999
9999975
9999978
9999957
9999986
9999992
9999972
9999971
9999970
9999964
9999959
9999984
9999996
9999969
9999948
999999
9999954
9999944
9999951
9999994
9999993
9999998
999995
9999956
9999953
9999952
9999980
9999940
9999938
9999946
9999936
9999967
9999950
999994
9999988
9999982
9999947
9999941
9999943
9999937
9999974
9999958
9999963
9999955
9999912
9999919
9999913
9999923
9999933
999992
9999928
9999924
9999930
9999934
9999915
9999921
9999920
9999929
9999916
9999914
9999927
9999935
9999918
9999931
9999907
9999911
9999904
9999909
9999903
9999894
9999908
9999895
9999888
9999886
9999887
9999884
9999883
9999899
9999891
9999901
9999910
9999893
9999885
9999892
9999874
9999889
9999896
9999902
9999882
9999879
9999880
999988
9999876
999987
9999869
9999863
9999862
9999868
9999872
9999866
9999865
9999871
9999861
999985
999986
9999852
9999839
9999835
9999845
9999844
9999849
9999831
9999825
9999814
9999859
9999837
9999858
9999812
9999822
9999809
9999828
9999819
9999824
9999841
9999833
9999805
9999807
9999832
9999820
9999808
9999834
999982
999984
9999854
9999856
9999842
9999840
9999847
9999848
9999806
9999801
9999802
99998
9999800
9999799
999980
9999780
9999785
9999796
9999782
9999757
9999768
9999792
9999778
9999765
9999772
9999771
9999769
9999767
9999775
9999751
9999779
9999755
9999752
9999759
9999738
9999754
9999739
9999749
9999746
9999737
9999803
9999773
9999744
9999736
9999742
9999857
9999781
9999774
9999733
9999790
9999735
9999732
999974
9999787
9999818
9999731
9999804